{
  "height": 41,
  "width": 252,
  "x": -270.2919616699219,
  "y": 183.40000915527344
}